              precision    recall  f1-score   support

           2       1.00      1.00      1.00         1
           3       1.00      1.00      1.00         1
           6       1.00      1.00      1.00         1
           7       1.00      1.00      1.00         1
           9       1.00      1.00      1.00         1
          10       1.00      1.00      1.00         1
          14       1.00      1.00      1.00         4
          15       1.00      1.00      1.00         2
          19       1.00      1.00      1.00         2
          20       1.00      1.00      1.00         2
          23       1.00      1.00      1.00         2
          25       1.00      1.00      1.00         1
          27       1.00      1.00      1.00         1
          28       1.00      1.00      1.00         2
          30       1.00      1.00      1.00         1
          33       1.00      1.00      1.00         1
          34       1.00      1.00      1.00         2
          35       1.00      1.00      1.00         1
          37       1.00      1.00      1.00         1
          42       1.00      1.00      1.00         2
          43       1.00      1.00      1.00         1
          46       1.00      1.00      1.00         2
          47       1.00      1.00      1.00         1
          51       1.00      1.00      1.00         1
          56       1.00      1.00      1.00         1
          58       1.00      1.00      1.00         1
          60       1.00      1.00      1.00         1
          63       1.00      1.00      1.00         1
          65       1.00      1.00      1.00         1
          66       1.00      1.00      1.00         1
          67       1.00      1.00      1.00         1
          68       1.00      1.00      1.00         2
          71       1.00      1.00      1.00         1

    accuracy                           1.00        45
   macro avg       1.00      1.00      1.00        45
weighted avg       1.00      1.00      1.00        45
